"alpha","beta","rmse","mae","r2","offline","online"
3,3.75,0.106524594254029,0.0839306595691034,0.015648708882629,3.53525178432465,0.0529319286346436
3,3.75,0.104128038679619,0.082022340429079,0.0171873025896484,1.95843269824982,0.0513654327392578
3,3.75,0.103288674925096,0.0813169551154386,0.0177154606405688,1.82445731163025,0.0581405997276306
3,3.75,0.102895218703277,0.0809815973182953,0.0180488164672152,1.78837351799011,0.0570100021362305
3,3.75,0.102670291616288,0.0807812314280557,0.018304718253683,1.75354628562927,0.0562045383453369
3,3.75,0.102563681240252,0.0806449507456145,0.0184484101917629,1.79997861385345,0.0557350397109985
3,3.75,0.102542954949238,0.080600704029059,0.0185388760966689,2.13035740852356,0.0552926206588745
3,3.75,0.1024927055363,0.0805477575332204,0.0186939105159859,1.74324359893799,0.0526068997383118
3,3.75,0.102544342927749,0.0805754638363748,0.0188002505011847,1.80453832149506,0.0528742814064026
3,3.75,0.102607584499367,0.0805967001830339,0.0189374872346163,1.78892829418182,0.0519489645957947
3,3.75,0.102719550691969,0.0806555219451515,0.018994914227552,0,0.0519719672203064
3,3.75,0.102770481967693,0.0806825349825381,0.0190065711630973,0,0.0524170279502869
3,3.75,0.10284694161431,0.0807295854482362,0.0190597794494001,0,0.0529634809494019
3,3.75,0.102899528433572,0.0807663102578187,0.0190778816068069,0,0.0518262100219727
3,3.75,0.10300607412947,0.0808556096127453,0.0190791818973773,0,0.0518607950210571
3,3.75,0.103111090340802,0.0809423111540051,0.0190504167271255,0,0.0518865513801575
3,3.75,0.103162487324079,0.080980857854928,0.0190399661650821,0,0.0536954236030579
3,3.75,0.103201824888723,0.0810023003398995,0.0190392545364494,0,0.0534004068374634
3,3.75,0.103242390809737,0.0810221570209415,0.0190227532381935,0,0.0528848671913147
3,3.75,0.103287515647887,0.0810587729109003,0.0189864186592855,0,0.0538792252540588
3,3.75,0.103339833182767,0.0810922495139758,0.0189549533036111,0,0.0541796827316284
3,3.75,0.103340452795358,0.0810976231258437,0.0189566311750899,0,0.0544788408279419
3,3.75,0.103342612030829,0.0810962268938561,0.0189517415230425,0,0.0565649938583374
3,3.75,0.103357456297043,0.0811054283853088,0.0189332593452811,0,0.0528335905075073
3,3.75,0.103355761270042,0.081094232065164,0.0189539585592738,0,0.0534492897987366
3,3.75,0.10333544076267,0.0810782070518684,0.0189931745998424,0,0.0537324857711792
3,3.75,0.103337616745926,0.0810794398781056,0.019003940370249,0,0.0548289704322815
3,3.75,0.103372194032883,0.0811085964720377,0.0189828931979711,0,0.0542909407615662
3,3.75,0.103377574023795,0.0811129329804768,0.0189727285531299,0,0.0550500583648682
3,3.75,0.103388324368509,0.0811217675185197,0.0189543797855287,0,0.0550178098678589
3,4,0.107263405466479,0.084568326867872,0.0144115596199005,1.75670721530914,0.118753092288971
3,4,0.104859169401735,0.0826131648746361,0.0159331025528481,1.84454350471497,0.114325633049011
3,4,0.103995832592942,0.0819275212856249,0.0164477544827324,1.77768070697784,0.113555090427399
3,4,0.103540321608488,0.081565576507403,0.0168518476199737,1.73872518539429,0.114034976959229
3,4,0.103287227797971,0.0813342189143201,0.0171150820296893,3.21539409160614,0.110686190128326
3,4,0.103115614441268,0.0811694940381733,0.0173262389392275,5.57600178718567,0.118732254505157
3,4,0.103107475274452,0.081129676795063,0.0174054242223829,5.77714340686798,0.116218242645264
3,4,0.103121122867822,0.0811247540355305,0.0175288192566585,0.100355836947759,0.118837459087372
3,4,0.103107996455577,0.0810948939752183,0.017688486504608,5.78337857723236,0.124662842750549
3,4,0.103134149723609,0.0811119789301217,0.0178332347848995,5.39010031223297,0.117917459011078
3,4,0.103211387514883,0.0811538028505415,0.0179192783465729,0,0.128377134799957
3,4,0.103324872785006,0.0812194924724381,0.0178959459948755,0,0.126212642192841
3,4,0.103439894656024,0.0813121764758719,0.0178763906062044,0,0.123464839458466
3,4,0.103554724278671,0.0813873471482185,0.0178389479087269,0,0.125705990791321
3,4,0.103672268218776,0.0814857019331825,0.0178225787676851,0,0.129223611354828
3,4,0.103760264614495,0.0815635617305075,0.0177983130544815,0,0.131907153129578
3,4,0.103836733032774,0.0816391798181337,0.0177505220708704,0,0.125054662227631
3,4,0.103892558256922,0.0816842911598697,0.0177243781535397,0,0.12414724111557
3,4,0.103939199996209,0.0817286820148486,0.0177076862656544,0,0.124231226444244
3,4,0.103965234886994,0.0817446275195773,0.0176853796696006,0,0.119040584564209
3,4,0.103994132416264,0.0817596329445808,0.017669380310553,0,0.128039824962616
3,4,0.104005136318544,0.081766001456446,0.0176618606180583,0,0.126762580871582
3,4,0.104047692336532,0.0817913017629989,0.0176500642885422,0,0.132237391471863
3,4,0.104044711887455,0.081786111620248,0.0176474163426497,0,0.132702188491821
3,4,0.104060379459547,0.0817924106098114,0.0176491115204018,0,0.123712477684021
3,4,0.104050325565203,0.0817842467862476,0.0176714186259119,0,0.13144562959671
3,4,0.104075702487106,0.0818007020043167,0.0176723146460219,0,0.131043496131897
3,4,0.104089696927095,0.0818125333554446,0.0176564781517114,0,0.131919362545013
3,4,0.104102363745335,0.0818249963478261,0.0176413855833921,0,0.130745441913605
3,4,0.104117540977417,0.0818371774865325,0.0176231965210242,0,0.140920493602753
3,4.25,0.107647170800214,0.0846357442225159,0.0142061606825711,0.108411143620809,0.0658428621292114
3,4.25,0.105278645331628,0.082773240119251,0.0156312921180531,2.59418489933014,0.0638317680358887
3,4.25,0.104408316107308,0.0820550862413469,0.0161624301982068,2.40787360668182,0.0654592490196228
3,4.25,0.104083912720842,0.0817651254949595,0.0164187126354102,2.26961941719055,0.0639162445068359
3,4.25,0.103888172474696,0.0815945480454827,0.0165929119570736,2.35573978424072,0.0666626071929932
3,4.25,0.103823620336324,0.0815394270243355,0.0167326358812606,2.59515931606293,0.065839409828186
3,4.25,0.103782716988105,0.0814638893544524,0.0167783080497708,1.80675690174103,0.0666990518569946
3,4.25,0.103740564929654,0.0814029744904935,0.0168758879375043,1.69135580062866,0.0655538988113403
3,4.25,0.103757411616489,0.0813946636797177,0.0169834293438854,1.77077460289001,0.0663294315338135
3,4.25,0.103810894796911,0.0814282089800124,0.0170566939391899,2.02036919593811,0.0686416339874268
3,4.25,0.103888292541785,0.0814842747482696,0.0171053112232526,0,0.0670673298835754
3,4.25,0.104012771010186,0.0815765478015855,0.0170576071660803,0,0.0720117115974426
3,4.25,0.104153150401806,0.0816885549301797,0.0170230656664194,0,0.0850584530830383
3,4.25,0.104191015850608,0.0817207893565394,0.0170049367312476,0,0.0625315308570862
3,4.25,0.10426452624724,0.0817766919988266,0.0170111939615756,0,0.0628516054153442
3,4.25,0.104358705902303,0.0818388431026729,0.0169751128805773,0,0.0610351300239563
3,4.25,0.10440956432262,0.0818720945039549,0.0169721909789975,0,0.0616472554206848
3,4.25,0.104444799189564,0.0818988535847131,0.0169689202861528,0,0.062237377166748
3,4.25,0.104497591383164,0.0819358344067484,0.0169515803054716,0,0.0616554999351501
3,4.25,0.104532433632157,0.0819686795676143,0.0169555058742359,0,0.064527440071106
3,4.25,0.104579798664447,0.0819979410355663,0.0169467113589177,0,0.0632554531097412
3,4.25,0.104611380724112,0.0820152560027099,0.0169286572678154,0,0.0606411480903625
3,4.25,0.104620244996685,0.082018185047817,0.0169326257124533,0,0.0649843144416809
3,4.25,0.104616354273289,0.0820152973461272,0.0169207176773119,0,0.067146646976471
3,4.25,0.104627384377715,0.0820268588576657,0.0169269987057413,0,0.0634309339523315
3,4.25,0.104636240573874,0.0820334812838637,0.0169370878656255,0,0.0669159483909607
3,4.25,0.104656649711118,0.0820573250621705,0.0169325947420071,0,0.0668648600578308
3,4.25,0.104671481932173,0.0820673315760766,0.0169229122349894,0,0.0679604601860046
3,4.25,0.104673229978774,0.0820646998445125,0.0169276942692316,0,0.0641569209098816
3,4.25,0.10469058442828,0.0820771583181417,0.0169226838887756,0,0.0641981744766235
3.25,3.75,0.106524594254029,0.0839306595691034,0.015648708882629,1.86517689228058,0.0538382124900818
3.25,3.75,0.104128038679619,0.082022340429079,0.0171873025896484,1.79573731422424,0.0547858834266663
3.25,3.75,0.103288674925096,0.0813169551154386,0.0177154606405688,1.94377210140228,0.0531636214256287
3.25,3.75,0.102895218703277,0.0809815973182953,0.0180488164672152,1.77857730388641,0.053079047203064
3.25,3.75,0.102670291616288,0.0807812314280557,0.018304718253683,1.76430277824402,0.0538679504394531
3.25,3.75,0.102563681240252,0.0806449507456145,0.0184484101917629,2.40128099918365,0.0569798469543457
3.25,3.75,0.102542954949238,0.080600704029059,0.0185388760966689,2.21235749721527,0.0555915284156799
3.25,3.75,0.1024927055363,0.0805477575332204,0.0186939105159859,2.11993570327759,0.0547701358795166
3.25,3.75,0.102544342927749,0.0805754638363748,0.0188002505011847,2.50317888259888,0.0577673602104187
3.25,3.75,0.102607584499367,0.0805967001830339,0.0189374872346163,2.49345660209656,0.0583374381065369
3.25,3.75,0.102719550691969,0.0806555219451515,0.018994914227552,0,0.0597438931465149
3.25,3.75,0.102770481967693,0.0806825349825381,0.0190065711630973,0,0.0601597094535828
3.25,3.75,0.10284694161431,0.0807295854482362,0.0190597794494001,0,0.0613742542266846
3.25,3.75,0.102899528433572,0.0807663102578187,0.0190778816068069,0,0.0596540260314941
3.25,3.75,0.10300607412947,0.0808556096127453,0.0190791818973773,0,0.0614121961593628
3.25,3.75,0.103111090340802,0.0809423111540051,0.0190504167271255,0,0.0590147614479065
3.25,3.75,0.103162487324079,0.080980857854928,0.0190399661650821,0,0.0606045484542847
3.25,3.75,0.103201824888723,0.0810023003398995,0.0190392545364494,0,0.0644262552261353
3.25,3.75,0.103242390809737,0.0810221570209415,0.0190227532381935,0,0.0613712096214294
3.25,3.75,0.103287515647887,0.0810587729109003,0.0189864186592855,0,0.0628555679321289
3.25,3.75,0.103339833182767,0.0810922495139758,0.0189549533036111,0,0.0626689195632935
3.25,3.75,0.103340452795358,0.0810976231258437,0.0189566311750899,0,0.0626539397239685
3.25,3.75,0.103342612030829,0.0810962268938561,0.0189517415230425,0,0.0644664931297302
3.25,3.75,0.103357456297043,0.0811054283853088,0.0189332593452811,0,0.0652310681343079
3.25,3.75,0.103355761270042,0.081094232065164,0.0189539585592738,0,0.0671151328086853
3.25,3.75,0.10333544076267,0.0810782070518684,0.0189931745998424,0,0.0650554299354553
3.25,3.75,0.103337616745926,0.0810794398781056,0.019003940370249,0,0.0646549725532532
3.25,3.75,0.103372194032883,0.0811085964720377,0.0189828931979711,0,0.0645820832252502
3.25,3.75,0.103377574023795,0.0811129329804768,0.0189727285531299,0,0.0655009913444519
3.25,3.75,0.103388324368509,0.0811217675185197,0.0189543797855287,0,0.0627788400650024
3.25,4,0.107263405466479,0.084568326867872,0.0144115596199005,2.38375279903412,0.0636397957801819
3.25,4,0.104859169401735,0.0826131648746361,0.0159331025528481,2.30249259471893,0.0626918601989746
3.25,4,0.103995832592942,0.0819275212856249,0.0164477544827324,2.17023780345917,0.0665019249916077
3.25,4,0.103540321608488,0.081565576507403,0.0168518476199737,2.38664300441742,0.0678684425354004
3.25,4,0.103287227797971,0.0813342189143201,0.0171150820296893,2.43539290428162,0.0661789488792419
3.25,4,0.103115614441268,0.0811694940381733,0.0173262389392275,2.42472109794617,0.0674850606918335
3.25,4,0.103107475274452,0.081129676795063,0.0174054242223829,2.34826099872589,0.0672692680358887
3.25,4,0.103121122867822,0.0811247540355305,0.0175288192566585,2.58800210952759,0.0687983393669128
3.25,4,0.103107996455577,0.0810948939752183,0.017688486504608,2.55113508701324,0.0674035787582397
3.25,4,0.103134149723609,0.0811119789301217,0.0178332347848995,2.44686958789825,0.0695521783828735
3.25,4,0.103211387514883,0.0811538028505415,0.0179192783465729,0,0.0714155578613281
3.25,4,0.103324872785006,0.0812194924724381,0.0178959459948755,0,0.0709421586990356
3.25,4,0.103439894656024,0.0813121764758719,0.0178763906062044,0,0.0696123886108398
3.25,4,0.103554724278671,0.0813873471482185,0.0178389479087269,0,0.0668766069412231
3.25,4,0.103672268218776,0.0814857019331825,0.0178225787676851,0,0.0706549191474915
3.25,4,0.103760264614495,0.0815635617305075,0.0177983130544815,0,0.0735625696182251
3.25,4,0.103836733032774,0.0816391798181337,0.0177505220708704,0,0.0730818772315979
3.25,4,0.103892558256922,0.0816842911598697,0.0177243781535397,0,0.0695253086090088
3.25,4,0.103939199996209,0.0817286820148486,0.0177076862656544,0,0.0685701990127563
3.25,4,0.103965234886994,0.0817446275195773,0.0176853796696006,0,0.071639575958252
3.25,4,0.103994132416264,0.0817596329445808,0.017669380310553,0,0.0745783114433289
3.25,4,0.104005136318544,0.081766001456446,0.0176618606180583,0,0.0718765020370483
3.25,4,0.104047692336532,0.0817913017629989,0.0176500642885422,0,0.073025279045105
3.25,4,0.104044711887455,0.081786111620248,0.0176474163426497,0,0.0718712115287781
3.25,4,0.104060379459547,0.0817924106098114,0.0176491115204018,0,0.0738522171974182
3.25,4,0.104050325565203,0.0817842467862476,0.0176714186259119,0,0.0730471801757812
3.25,4,0.104075702487106,0.0818007020043167,0.0176723146460219,0,0.0720352244377136
3.25,4,0.104089696927095,0.0818125333554446,0.0176564781517114,0,0.0719947075843811
3.25,4,0.104102363745335,0.0818249963478261,0.0176413855833921,0,0.0752460312843323
3.25,4,0.104117540977417,0.0818371774865325,0.0176231965210242,0,0.0730736017227173
3.25,4.25,0.107647170800214,0.0846357442225159,0.0142061606825711,2.2620757818222,0.0458101010322571
3.25,4.25,0.105278645331628,0.082773240119251,0.0156312921180531,1.84886898994446,0.0459252500534058
3.25,4.25,0.104408316107308,0.0820550862413469,0.0161624301982068,1.8699413061142,0.0457420682907104
3.25,4.25,0.104083912720842,0.0817651254949595,0.0164187126354102,1.80386440753937,0.0470006203651428
3.25,4.25,0.103888172474696,0.0815945480454827,0.0165929119570736,1.70980930328369,0.0483020257949829
3.25,4.25,0.103823620336324,0.0815394270243355,0.0167326358812606,1.89176161289215,0.0475291776657105
3.25,4.25,0.103782716988105,0.0814638893544524,0.0167783080497708,1.79426140785217,0.0490554523468018
3.25,4.25,0.103740564929654,0.0814029744904935,0.0168758879375043,1.69477710723877,0.0484104895591736
3.25,4.25,0.103757411616489,0.0813946636797177,0.0169834293438854,1.78197250366211,0.0512200713157654
3.25,4.25,0.103810894796911,0.0814282089800124,0.0170566939391899,1.79204580783844,0.0491887474060059
3.25,4.25,0.103888292541785,0.0814842747482696,0.0171053112232526,0,0.0499832057952881
3.25,4.25,0.104012771010186,0.0815765478015855,0.0170576071660803,0,0.0501735687255859
3.25,4.25,0.104153150401806,0.0816885549301797,0.0170230656664194,0,0.0513294100761414
3.25,4.25,0.104191015850608,0.0817207893565394,0.0170049367312476,0,0.0507391119003296
3.25,4.25,0.10426452624724,0.0817766919988266,0.0170111939615756,0,0.0504878830909729
3.25,4.25,0.104358705902303,0.0818388431026729,0.0169751128805773,0,0.0508303117752075
3.25,4.25,0.10440956432262,0.0818720945039549,0.0169721909789975,0,0.051032178401947
3.25,4.25,0.104444799189564,0.0818988535847131,0.0169689202861528,0,0.0521643996238709
3.25,4.25,0.104497591383164,0.0819358344067484,0.0169515803054716,0,0.0523528742790222
3.25,4.25,0.104532433632157,0.0819686795676143,0.0169555058742359,0,0.0529321646690369
3.25,4.25,0.104579798664447,0.0819979410355663,0.0169467113589177,0,0.0528739857673645
3.25,4.25,0.104611380724112,0.0820152560027099,0.0169286572678154,0,0.051764760017395
3.25,4.25,0.104620244996685,0.082018185047817,0.0169326257124533,0,0.0525840139389038
3.25,4.25,0.104616354273289,0.0820152973461272,0.0169207176773119,0,0.0528839373588562
3.25,4.25,0.104627384377715,0.0820268588576657,0.0169269987057413,0,0.0530989408493042
3.25,4.25,0.104636240573874,0.0820334812838637,0.0169370878656255,0,0.0533096623420715
3.25,4.25,0.104656649711118,0.0820573250621705,0.0169325947420071,0,0.0527933287620544
3.25,4.25,0.104671481932173,0.0820673315760766,0.0169229122349894,0,0.0544780039787292
3.25,4.25,0.104673229978774,0.0820646998445125,0.0169276942692316,0,0.0535364556312561
3.25,4.25,0.10469058442828,0.0820771583181417,0.0169226838887756,0,0.0530638289451599
3.5,3.75,0.106524594254029,0.0839306595691034,0.015648708882629,1.84185469150543,0.0454005789756775
3.5,3.75,0.104128038679619,0.082022340429079,0.0171873025896484,1.80613350868225,0.0470999717712402
3.5,3.75,0.103288674925096,0.0813169551154386,0.0177154606405688,1.80850811004639,0.0465239644050598
3.5,3.75,0.102895218703277,0.0809815973182953,0.0180488164672152,1.75440580844879,0.0495604133605957
3.5,3.75,0.102670291616288,0.0807812314280557,0.018304718253683,1.75638918876648,0.0483182096481323
3.5,3.75,0.102563681240252,0.0806449507456145,0.0184484101917629,1.83998820781708,0.0477188491821289
3.5,3.75,0.102542954949238,0.080600704029059,0.0185388760966689,1.81835420131683,0.0484798550605774
3.5,3.75,0.1024927055363,0.0805477575332204,0.0186939105159859,1.75388550758362,0.0483994936943054
3.5,3.75,0.102544342927749,0.0805754638363748,0.0188002505011847,1.82684190273285,0.0490967011451721
3.5,3.75,0.102607584499367,0.0805967001830339,0.0189374872346163,1.79061651229858,0.0493047523498535
3.5,3.75,0.102719550691969,0.0806555219451515,0.018994914227552,0,0.0500413298606873
3.5,3.75,0.102770481967693,0.0806825349825381,0.0190065711630973,0,0.0499191975593567
3.5,3.75,0.10284694161431,0.0807295854482362,0.0190597794494001,0,0.0505247020721436
3.5,3.75,0.102899528433572,0.0807663102578187,0.0190778816068069,0,0.052010223865509
3.5,3.75,0.10300607412947,0.0808556096127453,0.0190791818973773,0,0.0519109892845154
3.5,3.75,0.103111090340802,0.0809423111540051,0.0190504167271255,0,0.0514674878120422
3.5,3.75,0.103162487324079,0.080980857854928,0.0190399661650821,0,0.0510236668586731
3.5,3.75,0.103201824888723,0.0810023003398995,0.0190392545364494,0,0.0513603854179382
3.5,3.75,0.103242390809737,0.0810221570209415,0.0190227532381935,0,0.0513664889335632
3.5,3.75,0.103287515647887,0.0810587729109003,0.0189864186592855,0,0.0517318558692932
3.5,3.75,0.103339833182767,0.0810922495139758,0.0189549533036111,0,0.0516647839546204
3.5,3.75,0.103340452795358,0.0810976231258437,0.0189566311750899,0,0.0517744874954224
3.5,3.75,0.103342612030829,0.0810962268938561,0.0189517415230425,0,0.0524398827552795
3.5,3.75,0.103357456297043,0.0811054283853088,0.0189332593452811,0,0.0534905743598938
3.5,3.75,0.103355761270042,0.081094232065164,0.0189539585592738,0,0.0533349585533142
3.5,3.75,0.10333544076267,0.0810782070518684,0.0189931745998424,0,0.0523906755447388
3.5,3.75,0.103337616745926,0.0810794398781056,0.019003940370249,0,0.0526350808143616
3.5,3.75,0.103372194032883,0.0811085964720377,0.0189828931979711,0,0.0525627827644348
3.5,3.75,0.103377574023795,0.0811129329804768,0.0189727285531299,0,0.0527455139160156
3.5,3.75,0.103388324368509,0.0811217675185197,0.0189543797855287,0,0.0525206971168518
3.5,4,0.107263405466479,0.084568326867872,0.0144115596199005,1.74061558246613,0.0497666645050049
3.5,4,0.104859169401735,0.0826131648746361,0.0159331025528481,1.85663471221924,0.049575936794281
3.5,4,0.103995832592942,0.0819275212856249,0.0164477544827324,1.78359799385071,0.0498574161529541
3.5,4,0.103540321608488,0.081565576507403,0.0168518476199737,1.75769491195679,0.0502842974662781
3.5,4,0.103287227797971,0.0813342189143201,0.0171150820296893,1.69395010471344,0.050031259059906
3.5,4,0.103115614441268,0.0811694940381733,0.0173262389392275,1.74843711853027,0.0526936745643616
3.5,4,0.103107475274452,0.081129676795063,0.0174054242223829,1.77104451656342,0.0532100248336792
3.5,4,0.103121122867822,0.0811247540355305,0.0175288192566585,1.86331400871277,0.0547336721420288
3.5,4,0.103107996455577,0.0810948939752183,0.017688486504608,2.60234749317169,0.0557356262207031
3.5,4,0.103134149723609,0.0811119789301217,0.0178332347848995,2.37060239315033,0.0561729264259338
3.5,4,0.103211387514883,0.0811538028505415,0.0179192783465729,0,0.0544811797142029
3.5,4,0.103324872785006,0.0812194924724381,0.0178959459948755,0,0.0570928955078125
3.5,4,0.103439894656024,0.0813121764758719,0.0178763906062044,0,0.0542677545547485
3.5,4,0.103554724278671,0.0813873471482185,0.0178389479087269,0,0.0545992541313171
3.5,4,0.103672268218776,0.0814857019331825,0.0178225787676851,0,0.0550375056266785
3.5,4,0.103760264614495,0.0815635617305075,0.0177983130544815,0,0.0556035494804382
3.5,4,0.103836733032774,0.0816391798181337,0.0177505220708704,0,0.0561376786231995
3.5,4,0.103892558256922,0.0816842911598697,0.0177243781535397,0,0.0573071122169495
3.5,4,0.103939199996209,0.0817286820148486,0.0177076862656544,0,0.0576126766204834
3.5,4,0.103965234886994,0.0817446275195773,0.0176853796696006,0,0.0586437439918518
3.5,4,0.103994132416264,0.0817596329445808,0.017669380310553,0,0.0571499061584473
3.5,4,0.104005136318544,0.081766001456446,0.0176618606180583,0,0.0579375576972961
3.5,4,0.104047692336532,0.0817913017629989,0.0176500642885422,0,0.0578415703773498
3.5,4,0.104044711887455,0.081786111620248,0.0176474163426497,0,0.0580695700645447
3.5,4,0.104060379459547,0.0817924106098114,0.0176491115204018,0,0.0561957383155823
3.5,4,0.104050325565203,0.0817842467862476,0.0176714186259119,0,0.0576170897483826
3.5,4,0.104075702487106,0.0818007020043167,0.0176723146460219,0,0.0611710476875305
3.5,4,0.104089696927095,0.0818125333554446,0.0176564781517114,0,0.0627903652191162
3.5,4,0.104102363745335,0.0818249963478261,0.0176413855833921,0,0.0592724680900574
3.5,4,0.104117540977417,0.0818371774865325,0.0176231965210242,0,0.057401430606842
3.5,4.25,0.107647170800214,0.0846357442225159,0.0142061606825711,2.27059500217438,0.0653063654899597
3.5,4.25,0.105278645331628,0.082773240119251,0.0156312921180531,2.28884320259094,0.063618950843811
3.5,4.25,0.104408316107308,0.0820550862413469,0.0161624301982068,2.38907508850098,0.0635751605033874
3.5,4.25,0.104083912720842,0.0817651254949595,0.0164187126354102,2.41954262256622,0.0662672781944275
3.5,4.25,0.103888172474696,0.0815945480454827,0.0165929119570736,2.460285115242,0.0664241528511047
3.5,4.25,0.103823620336324,0.0815394270243355,0.0167326358812606,2.41357851028442,0.0635879135131836
3.5,4.25,0.103782716988105,0.0814638893544524,0.0167783080497708,2.18283050060272,0.068082332611084
3.5,4.25,0.103740564929654,0.0814029744904935,0.0168758879375043,2.40674231052399,0.0668181538581848
3.5,4.25,0.103757411616489,0.0813946636797177,0.0169834293438854,2.49500730037689,0.0667262005805969
3.5,4.25,0.103810894796911,0.0814282089800124,0.0170566939391899,2.58898360729218,0.0651676201820374
3.5,4.25,0.103888292541785,0.0814842747482696,0.0171053112232526,0,0.0686518001556397
3.5,4.25,0.104012771010186,0.0815765478015855,0.0170576071660803,0,0.06926020860672
3.5,4.25,0.104153150401806,0.0816885549301797,0.0170230656664194,0,0.0722362732887268
3.5,4.25,0.104191015850608,0.0817207893565394,0.0170049367312476,0,0.0696538496017456
3.5,4.25,0.10426452624724,0.0817766919988266,0.0170111939615756,0,0.0684540581703186
3.5,4.25,0.104358705902303,0.0818388431026729,0.0169751128805773,0,0.0690459966659546
3.5,4.25,0.10440956432262,0.0818720945039549,0.0169721909789975,0,0.0672508835792542
3.5,4.25,0.104444799189564,0.0818988535847131,0.0169689202861528,0,0.0695651340484619
3.5,4.25,0.104497591383164,0.0819358344067484,0.0169515803054716,0,0.0687063384056091
3.5,4.25,0.104532433632157,0.0819686795676143,0.0169555058742359,0,0.0711531782150269
3.5,4.25,0.104579798664447,0.0819979410355663,0.0169467113589177,0,0.0644513201713562
3.5,4.25,0.104611380724112,0.0820152560027099,0.0169286572678154,0,0.0684025120735168
3.5,4.25,0.104620244996685,0.082018185047817,0.0169326257124533,0,0.0680184364318848
3.5,4.25,0.104616354273289,0.0820152973461272,0.0169207176773119,0,0.067661566734314
3.5,4.25,0.104627384377715,0.0820268588576657,0.0169269987057413,0,0.0709316110610962
3.5,4.25,0.104636240573874,0.0820334812838637,0.0169370878656255,0,0.0708394932746887
3.5,4.25,0.104656649711118,0.0820573250621705,0.0169325947420071,0,0.0726117849349976
3.5,4.25,0.104671481932173,0.0820673315760766,0.0169229122349894,0,0.0684286665916443
3.5,4.25,0.104673229978774,0.0820646998445125,0.0169276942692316,0,0.0686773729324341
3.5,4.25,0.10469058442828,0.0820771583181417,0.0169226838887756,0,0.0700095868110657
